1
171
168
188
113
216
118
127
60
6
36
169
73
174
202
25
226
27
47
199
249
201
21
105
213
71
55
163
196
167
195
171
131
153
197
36
12
24
252
52
93
119
108
107
20
71
193
148
75
193
45
227
44
36
227
123
220
163
55
82
213
119
47
178
185
24
18
208
24
141
184
26
10
90
250
188
158
89
104
199
78
144
184
142
76
33
158
166
55
79
171
22
173
35
8
254
27
88
138
84
220
180
33
60
239
90
183
97
140
228
85
59
29
16
68
100
24
138
161
58
51
152
229
175
15
245
240
53
183
74
167
59
123
167
211
127
156
159
30
8
231
51
56
196
163
100
219
114
168
101
216
158
139
104
20
82
36
5
216
81
158
223
167
138
92
175
47
171
217
145
131
230
230
115
242
216
210
2
98
173
163
20
206
208
78
227
158
7
93
255
69
249
112
247
158
38
17
40
115
158
216
240
6
2
6
5
6
6
7
2
0
7
7
2
6
6
6
5
4
7
2
0
7
2
0
7
6
0
6
4
6
4
7
7
1
5
5
3
3
4
7
3
0
3
7
