83
230
216
44
230
209
237
229
139
76
61
107
241
224
251
191
113
146
214
239
252
55
51
133
16
233
108
33
63
34
222
106
226
94
146
162
200
231
103
203
238
121
151
192
174
252
61
58
167
147
81
60
127
58
162
171
19
71
123
166
250
17
177
179
147
149
221
98
224
159
142
176
255
134
220
25
207
143
8
176
152
195
163
66
92
9
191
11
42
104
253
183
27
103
94
47
236
43
69
77
30
202
229
94
109
54
32
26
234
17
161
179
200
28
2
209
215
34
238
118
96
186
73
12
209
32
113
124
194
182
112
158
143
107
26
32
27
3
26
229
203
234
13
91
1
192
86
121
92
161
101
3
93
28
231
25
189
42
134
245
177
74
127
153
50
245
162
108
131
121
212
203
199
101
91
183
75
130
111
1
186
96
76
78
15
12
28
255
76
142
92
250
110
132
243
150
163
60
62
207
82
31
150
99
149
101
105
133
245
95
236
12
15
168
221
250
7
91
195
251
207
38
175
242
24
105
78
189
41
101
94
66
57
48
83
120
119
48
144
221
5
175
69
99
142
78
191
165
48
212
185
67
67
100
100
131
7
1
141
102
199
90
133
64
221
57
130
39
181
240
2
36
97
106
131
206
127
234
2
241
82
72
228
210
50
134
167
242
47
58
194
145
78
50
60
254
21
73
86
144
27
157
155
96
74
80
226
50
143
54
81
190
251
32
44
218
165
14
34
149
12
135
64
39
222
59
156
221
26
107
0
230
209
22
121
2
188
179
97
172
251
183
114
87
211
97
148
142
136
255
182
136
180
235
172
123
249
50
119
20
60
1
118
40
15
176
0
112
133
210
205
242
228
3
34
243
246
152
40
114
100
49
167
132
223
76
34
62
48
31
251
86
236
81
113
73
240
123
51
74
199
230
70
215
244
195
215
234
137
147
37
189
54
96
223
248
157
61
196
227
14
189
253
90
210
225
198
9
2
126
132
129
57
57
208
132
143
252
45
134
205
223
12
19
195
226
128
77
77
129
152
49
149
100
216
100
21
5
12
205
60
43
1
67
240
15
195
64
120
240
133
198
118
168
142
239
106
97
65
107
27
107
154
15
214
149
160
79
42
136
174
136
157
239
220
194
163
0
94
42
132
92
122
68
21
254
69
62
226
166
248
201
117
113
171
55
1
13
128
125
186
222
255
150
224
222
239
249
102
134
32
27
98
202
165
220
199
80
29
95
116
141
86
145
26
9
90
48
83
74
205
153
10
100
84
109
219
16
182
68
12
230
244
166
149
149
135
115
77
68
35
39
76
33
106
62
35
66
98
232
168
129
247
135
156
109
114
206
243
13
159
156
31
246
69
154
190
27
203
107
83
207
23
45
58
19
144
68
217
242
19
134
188
37
150
192
218
173
34
190
32
242
58
120
128
118
164
188
252
172
55
219
141
146
177
165
208
104
250
87
199
238
160
25
88
9
200
52
181
79
49
219
255
179
33
99
190
10
46
80
166
76
77
195
121
2
155
114
61
73
47
140
89
234
213
137
105
16
149
106
35
6
121
193
91
35
148
220
13
250
210
48
8
157
249
227
142
50
216
40
15
153
25
20
169
48
212
254
171
22
113
41
88
122
225
225
17
225
76
196
24
244
87
58
145
43
111
158
238
175
91
5
18
214
170
226
230
214
43
27
178
239
210
234
26
127
1
51
154
177
143
164
248
133
100
241
249
61
114
212
163
14
40
61
32
29
23
221
28
209
136
7
245
177
236
222
110
77
126
236
184
243
4
205
36
86
127
71
218
126
42
100
91
222
251
62
197
243
225
185
93
197
181
168
11
199
121
171
23
192
152
215
36
213
209
133
209
0
79
192
66
245
217
214
236
37
245
75
68
95
41
4
175
56
232
37
53
247
243
149
124
43
235
209
49
0
231
7
211
36
27
96
72
108
202
182
255
61
30
217
186
217
86
143
218
78
163
66
224
193
239
38
17
195
85
129
133
77
25
184
9
3
128
228
216
241
90
47
141
3
209
81
215
195
76
80
250
92
38
248
174
48
254
33
120
188
7
249
78
156
197
76
203
178
47
147
176
172
76
130
83
77
125
31
240
185
176
174
67
223
69
150
156
42
76
231
78
18
200
44
217
210
59
213
197
106
116
214
64
205
199
179
74
192
71
145
226
196
183
127
59
128
38
10
26
210
1
72
235
192
230
133
233
41
80
56
232
165
5
100
44
165
238
126
84
28
41
75
152
37
111
67
115
68
255
25
31
254
103
196
105
49
231
127
130
167
224
14
67
203
160
147
14
142
110
15
76
208
105
255
232
36
14
104
124
45
185
33
99
204
4
25
128
234
149
61
118
202
177
117
225
21
41
33
238
28
147
82
220
92
75
47
51
39
231
36
232
145
224
157
209
72
75
195
212
233
219
215
85
241
224
24
183
80
169
106
211
16
230
55
27
150
241
105
204
32
219
242
138
8
234
40
130
78
36
186
231
154
233
207
69
59
103
123
102
176
164
192
167
155
201
92
98
11
137
98
120
242
28
152
145
109
60
125
89
90
205
87
172
7
63
194
87
11
123
80
74
12
159
189
233
95
64
26
245
35
175
162
174
131
37
3
219
47
95
4
34
87
94
191
39
254
184
164
183
253
154
89
3
204
130
162
183
176
136
70
181
202
111
16
43
33
91
23
243
84
183
61
15
41
17
143
238
21
139
246
146
108
156
33
123
54
159
61
219
56
173
67
20
130
182
78
58
96
80
236
193
3
63
67
173
110
236
241
150
216
232
23
71
50
8
204
255
65
124
62
245
251
56
79
104
180
162
179
26
139
116
71
155
75
96
155
107
220
161
43
172
243
152
55
242
169
113
7
181
23
121
139
233
51
81
23
155
79
127
81
224
69
105
77
210
108
145
216
155
18
1
175
78
104
122
59
237
14
113
243
237
0
115
67
94
17
255
176
212
254
79
15
120
131
76
102
58
15
214
216
28
84
163
146
141
51
157
126
13
121
35
37
178
93
105
251
80
216
196
87
87
130
157
0
57
66
237
196
255
139
66
79
28
93
84
130
248
72
20
57
69
97
106
80
52
229
209
122
155
56
141
74
218
57
149
129
188
148
47
170
113
120
210
65
165
216
220
2
44
99
63
225
97
55
39
45
216
203
227
159
55
167
5
235
31
45
84
118
166
101
11
163
247
252
102
161
87
72
146
131
12
211
130
117
104
39
71
215
14
168
152
65
150
38
27
246
41
125
52
51
52
58
130
103
241
79
234
182
209
21
152
177
232
202
35
198
160
66
17
151
0
198
246
110
89
20
63
134
164
122
192
242
18
228
7
55
201
158
45
25
16
179
77
62
103
235
187
29
77
232
131
13
134
183
58
251
27
82
166
143
116
79
210
183
49
119
234
51
191
142
227
122
91
101
237
60
203
222
216
165
10
63
12
98
26
212
104
192
228
191
122
28
216
112
242
76
205
32
205
80
127
141
158
10
85
224
245
42
1
132
130
100
234
80
115
184
103
15
16
169
131
102
197
65
115
103
209
69
175
62
247
51
212
65
159
225
43
67
160
225
39
64
165
46
155
113
55
18
191
58
18
174
37
137
165
227
174
97
230
37
72
225
183
18
187
191
206
10
20
220
227
104
163
23
146
19
55
98
191
172
149
190
139
227
243
48
136
14
243
118
119
119
204
39
89
67
87
33
141
240
110
36
173
46
12
98
248
143
228
162
74
174
46
52
176
165
245
59
23
15
172
117
144
97
214
173
144
148
17
47
136
208
97
68
110
222
106
175
233
182
153
203
150
14
243
50
121
235
104
212
93
132
173
73
181
6
167
68
85
43
121
159
125
223
26
93
141
71
17
250
49
176
112
64
127
211
62
113
96
182
244
65
10
207
210
130
127
44
16
91
207
24
120
149
141
114
243
251
224
93
38
143
176
94
249
116
149
115
220
122
134
169
63
38
118
125
95
103
85
69
42
154
17
250
55
19
205
114
26
181
139
156
231
53
133
101
20
65
161
104
219
92
78
18
202
7
47
145
159
188
158
247
23
19
251
84
154
76
36
38
196
148
181
132
