01000101100000011
0100001010110111
01111001101111001
0110000011111001110
00111011101001101
110111010100110
1101101011101001100
0010110011010010
1101111011000101
0100111001111110
0000101001101000010
01101100100111000
001000101101111
1100110111011110
010000001110010011
01100010111111010
011000111010001
00110001110110010000
0010101010011000
01100110100010010
1001000001100111
1100100111100110
0001000000110001110
100101111000111
00110010111101010
00101001000101011
1101001100111000
000011111010100
01110010111110
1110110001000110
0110101101110000
00011110111101110
0011101100010010
10011000101001
0110101100010
0010111000010010
111010101011100
10110100010111010
010011001110111
0001011111001110
001101100010100111
011011100111010
1000110001110010010
1001010000010111
1100011101111101
001101111110000
011110100111001
1011000010011
01100111001010000
00110011010000
010000101100010000
00111011100010000
00011000100100111
001000100101110
1110001100010010
100010001111011
000010111101100
010100000110110
01011001001100111
1010010011000001
011000111100110
101011100010011
110100110011100110
000001001111011
010001011000100
10110001000011
0110000111101111
0011110100000111
0000010010001000011
001111100101011
000010101110011
010111000110000
0011001011010000
0110101110111110
00000111010111
011101111000001
01011101101111000
0110011111000001
011010110111101110
11010111011000
0110000011110010
11010001110000
111100101101110000
100001110000010
1110110111010100
0101010010110000100
110100101110000
000100101010110
1111011100011110
0110101010011111
110010111000001
1100011101101001
0110011010000010
100100100011100
001000001100100111
0000011110100110
0100010111110000
1001100111000010
10110000111001
1000111010001000
001110111000010
101001011000100
01000001101010011
111001010011110
1110101100101101
0010101110011110
000010101111100
0111011001100010
10111011010001100
00010100110100001001
0110001101100010
010110100001110
1101110000011011
0010010001101100111
111000011010000
011100010001010
100010101011001
001000011110010
010001100000100110
01010100111000110
010001111110110
11001101110000111
01100100111000001
10110000111010100
1111010011001110
011000001111110
0010001001110110
011010000001101
000100110010010
101100000111010
001101011000010
01010011000001
0110010000100110
001000111101110
0111101111010000
00001111111011100
11001111110000
1101010001101101
11111001000010
0010001011111110
0010001111000011
00111000100010110
001100100110000010
1111010001000011
1010111011011001
101110011011100
01000110110011110
011001101011100
100011110111000
1100100010111000
010001011011101
001001111101010
110011100010011
11001101001111011
111111100011001010
0010000000111100101
11011110111101000
0000100010110100
00110100011111010
010111001110000
101100010000110
0010100101100011
010011111111100010
00101101110111000
010110111001101
011111001001101110
101110110011101
11010001100000
00101011110111110
00111001001100111
0111011010111001
00100011001100010
10001101010100111
0011101000001100110
0110011110100011
001110101110000
011011011110111010
001011110010000
1100101000000001
01110110001110000
011001001110010000
00111100010100010
11100100011010011
111010110010000
0000100010111110
000001011110110
101101110010000
0010100110010011100100
01000010111110110
00101001000110000
111110011001000
001110111101000
11001101100101010
0010111111101110
101101111000001
00011000101000101
00010100101100111
1011110000101110
110001000101010
011000001101100
